1.085290821290347171e-13 6.181652686854213633e-19 2.023704604809136700e-20 9.656688231560070421e-21 5.794968996012265640e-22 6.499643449475468118e-20 9.704694500788662584e-19 2.261641833836844361e-17 8.469337210853058445e-17 3.901958102657072733e-17 9.721122457102610956e-16 3.848406007560531743e-14 1.115997020538706950e-13 6.650399992389914147e-12
2.880162113337698212e-12 2.189758409559090564e-17 1.337123573855064706e-15 1.061288186512970780e-17 3.700826021986547210e-18 1.984632739547323082e-17 5.789757320352339913e-16 5.446382565017474190e-14 1.012104056418847352e-13 1.411384881654911656e-13 1.526663718526854101e-12 3.493495925527895114e-11 7.506526461041221121e-10 2.452664157882329960e-08
2.458629427332403180e-11 3.117997435379962674e-14 3.590930387099242352e-13 1.310130112878670407e-13 1.304959501711369264e-14 1.687833365617850282e-13 3.189894012211201830e-12 1.190315360890715932e-10 1.704220323268028796e-10 9.956473374422158496e-11 1.005662475492252476e-09 3.909224888775059186e-08 1.512245052754543358e-06 1.699431451170223847e-05
4.997677367259567218e-08 2.285419576522104115e-10 7.112651249873683964e-10 4.488204508799030583e-11 9.459518367102198597e-12 9.996730888496403977e-11 8.713051506891938250e-10 3.286537315188621579e-08 1.702068708935744315e-08 6.079434291432854176e-08 5.476948880688300553e-07 1.164319981910128995e-05 1.293728182002825040e-04 8.435533108891740293e-04
1.587957000158380983e-07 1.314522705485850985e-08 1.146812993255653080e-08 1.235720619361778066e-09 7.118912358849082346e-10 1.945714440431838142e-09 2.924200662537531395e-08 4.869868160775499817e-07 1.022377138509710779e-06 6.396039306774852514e-06 6.780765879379936233e-05 5.048968341270482609e-04 2.538457043589840111e-03 1.225478482477151271e-02
2.712663556040190682e-06 6.346917456004467849e-08 7.559515509623958177e-08 1.289658135006370713e-08 2.783561652661460611e-09 8.563813878978657286e-09 5.701115709491620971e-08 9.224482798903778024e-07 5.152597204769832708e-06 5.756250952910516933e-05 3.378647146832977882e-04 1.611853643512423800e-03 8.126556498119948124e-03 3.981127039612712692e-02
1.773438046499816973e-06 5.463767599804234266e-07 7.903695372706374200e-07 5.473423807903810219e-08 1.181060036071771121e-08 3.135933828960410993e-08 2.086409727276710757e-07 6.473367490380579689e-06 4.317089000809545601e-05 5.946311680181248912e-04 2.188973923814939784e-03 1.005199150494175651e-02 3.657452003579902272e-02 1.074230690159178186e-01
1.203418044646083708e-05 8.463138834581340911e-07 5.295872243098419072e-07 8.316938814775364774e-08 1.527271048259023622e-08 5.456345431632120110e-08 5.392512095798052817e-07 1.610143813091727882e-05 1.714669015180906220e-04 1.644597285439571748e-03 6.913920193422532813e-03 2.597787443643086863e-02 6.295312531860662586e-02 1.704278341757100024e-01
1.053733203461702226e-06 3.519488842945473296e-08 1.354301343976887438e-07 3.504697087986140299e-08 2.740558252223839504e-08 1.599293227563183977e-07 2.694797565029524575e-06 1.303687898925235777e-04 1.333970247334267294e-03 8.645294001769701989e-03 2.840273001261864674e-02 6.593740863931536744e-02 1.417112999082306146e-01 4.179965357734078957e-01
4.498674562588133264e-07 5.850307845086803062e-08 8.575948523919149614e-08 1.225404172964623667e-07 1.471841427704782569e-07 8.757752363500611424e-07 2.835831263045388207e-05 5.123721493177028213e-04 3.953496202657812326e-03 2.130924802307981522e-02 4.643703377615749500e-02 1.026032665397421245e-01 2.748931405424738794e-01 6.188482647325195263e-01
2.436878424466898002e-07 2.021939824384421716e-08 1.111043494070056398e-07 3.266336419030080937e-07 8.847000234037733582e-07 6.840913129568096202e-06 8.812316247433419453e-05 1.337841943123803650e-03 9.183710633671139309e-03 3.276902867363114258e-02 7.168787735687484619e-02 2.107427945550044146e-01 4.351805961225863051e-01 8.091807221743376743e-01
8.655254578132379537e-08 2.112460766628219049e-08 1.051055868389931971e-07 1.903398759522439449e-06 1.316309628798522044e-05 3.890446692161975508e-05 4.052375864595526020e-04 5.169694091031720208e-03 2.123679512376015072e-02 7.261023179875969458e-02 2.097275963890889161e-01 4.403823146513747844e-01 7.169273740958033159e-01 1.000000000000000000e+00
8.936166716258689638e-07 8.715883885749102593e-08 2.522798211228680030e-06 4.869422660135468980e-05 1.162225522433884829e-04 2.995743981651391940e-04 2.615323805254938377e-03 1.792001186107759075e-02 4.757327968548378389e-02 1.617953854216525600e-01 3.555916369232173802e-01 7.321982063520531270e-01 1.000000000000000000e+00 6.468168843770570886e-01
4.158220247997681698e-06 1.755343181957237220e-06 4.293670520596127080e-05 2.475472787494751420e-04 9.075548385145925908e-04 2.140285692394639904e-03 9.847779193545095830e-03 4.100985254471940789e-02 1.110450883729525717e-01 2.781559164761829850e-01 6.119364623057028663e-01 1.000000000000000000e+00 7.499352410709654304e-01 3.681085084502858651e-01
