1.479545454545454497e+00 1.408711656441717697e+00 1.350581390944694204e+00 1.306322880108683471e+00 1.281215099396917578e+00 1.243529335229226485e+00 1.216494238731558042e+00 1.192256200356955897e+00 1.175607807701625873e+00 1.165846353015403070e+00 1.148934663700679204e+00 1.132510449494774640e+00 1.123346293248010941e+00 1.108693828716504015e+00
1.521276595744680771e+00 1.451053884548206385e+00 1.346761576971214014e+00 1.323300467047223705e+00 1.293159356596172316e+00 1.261837320114742367e+00 1.229288464904603639e+00 1.197160998855404390e+00 1.180940514033137712e+00 1.168085177531215990e+00 1.151313268359281050e+00 1.133879576280869106e+00 1.118052399648726158e+00 1.102017656644931787e+00
1.568518518518518423e+00 1.454646354071641445e+00 1.357015210422208629e+00 1.318332062039155650e+00 1.296324002770647521e+00 1.259037427519446917e+00 1.225020407211325546e+00 1.191945885050031295e+00 1.176628112718435482e+00 1.167203284524722440e+00 1.148711888613798582e+00 1.126444262497068749e+00 1.105131276245419958e+00 1.089739862005951965e+00
1.509761388286334105e+00 1.422336295560339137e+00 1.340086671657269246e+00 1.318500358357697744e+00 1.294875252733060922e+00 1.255602799810709103e+00 1.222101622472794746e+00 1.184815869570539082e+00 1.175123205440785412e+00 1.157297722903891435e+00 1.137049480013760494e+00 1.113469242528069225e+00 1.094169511827119079e+00 1.078477289414066398e+00
1.533343703818931480e+00 1.421698202909575048e+00 1.351193816052650876e+00 1.327742025416444038e+00 1.297624523066045477e+00 1.264080238068995943e+00 1.223694602896006955e+00 1.187437390419320504e+00 1.169119658951321750e+00 1.146141354432557602e+00 1.121651042131162290e+00 1.100536241220829714e+00 1.083021187951997977e+00 1.065955995672146939e+00
1.517801476620180390e+00 1.436226932732872719e+00 1.360237274053464063e+00 1.335456995834354288e+00 1.313183176446803824e+00 1.276463936707242341e+00 1.239014042507048607e+00 1.199579669785245661e+00 1.172231184681209237e+00 1.142249352571217180e+00 1.119514413436855760e+00 1.099524701137836402e+00 1.079488173710740462e+00 1.059165558505394067e+00
1.567567567567567544e+00 1.435918229021677428e+00 1.360255437674792622e+00 1.348725547198829533e+00 1.327164067758127119e+00 1.289469781777474289e+00 1.249054312059158400e+00 1.199785699537066819e+00 1.168314368500155798e+00 1.132253359107242341e+00 1.111250068135794411e+00 1.088494518615000572e+00 1.068418947488714910e+00 1.050504845164491607e+00
1.557997557997558014e+00 1.467211846224192096e+00 1.396442028700093374e+00 1.371530833773396685e+00 1.351043757376211296e+00 1.307523827334590161e+00 1.260016744408563483e+00 1.206554122558098685e+00 1.167138855161139244e+00 1.130982905982906184e+00 1.105954296749275922e+00 1.082662256488029273e+00 1.065697056398335008e+00 1.046033888139151324e+00
1.686465405171168719e+00 1.569664902998236355e+00 1.451343893589814193e+00 1.414112511141722761e+00 1.373439885067792021e+00 1.321143862460042673e+00 1.263620100829403237e+00 1.198175315598114077e+00 1.154265364484972745e+00 1.118031230109775898e+00 1.092841233251492739e+00 1.073717623971459645e+00 1.055660064180590885e+00 1.028814137017907360e+00
1.759514616657473551e+00 1.601346596420488044e+00 1.494886922669811380e+00 1.428468507676428523e+00 1.381130424608685514e+00 1.325229710344890677e+00 1.253530950305143721e+00 1.194002982980142846e+00 1.149275434989720734e+00 1.111380317340001866e+00 1.090807840807840767e+00 1.069987470709492516e+00 1.043843245933838260e+00 1.018133084248786790e+00
1.829163401441159076e+00 1.668337765377740922e+00 1.524873112961999011e+00 1.442599102921566345e+00 1.381253386310276277e+00 1.318124353522583725e+00 1.254050301246356192e+00 1.191466654955093407e+00 1.144083268715562873e+00 1.110264788994453244e+00 1.087190145298418065e+00 1.056432783813896714e+00 1.032439244910819287e+00 1.007887504610875284e+00
1.924963924963924766e+00 1.711729844571172832e+00 1.561473319049076380e+00 1.440777639407776478e+00 1.360437821267314495e+00 1.310761093818945122e+00 1.244687606858482676e+00 1.177990826377923295e+00 1.135930468336587840e+00 1.098302340089462259e+00 1.063657891071179806e+00 1.035774748284772340e+00 1.014354066985645897e+00 9.912398487313995865e-01
1.921874999999999778e+00 1.734209425543781435e+00 1.537075298438934645e+00 1.405860834371108536e+00 1.344544856065593263e+00 1.295088950305892439e+00 1.225239363001318749e+00 1.163625084592826653e+00 1.126986133940236723e+00 1.083517500895950336e+00 1.051570869581734513e+00 1.017416800320769976e+00 9.985047846889951728e-01 9.686294507220154504e-01
1.916129032258064635e+00 1.700686426219100600e+00 1.497367172675521774e+00 1.389748121961997374e+00 1.315568391768778378e+00 1.266713638267890518e+00 1.205740930127749522e+00 1.150000800448251148e+00 1.108289589782702977e+00 1.068432876944597432e+00 1.029346346197915762e+00 9.972760431487182053e-01 9.718166383701187794e-01 9.427398156335929924e-01
