2.156872166961301338e-02 2.577078486355685247e-02 2.737273098853150455e-02 2.799312300118857871e-02 2.813310003515519936e-02 2.800204973947128737e-02 2.767979752262636831e-02 2.723272301837534326e-02 2.663761155938845424e-02 2.592137117990032588e-02 2.532661221126228726e-02 2.475086130765797796e-02 2.408142963980284060e-02 2.361294568986939749e-02
2.412929615490230079e-02 2.876063595141770818e-02 3.029423536622939672e-02 3.102315287757909795e-02 3.113398478313960868e-02 3.094335816482517154e-02 3.057100022844849371e-02 3.009616159275157327e-02 2.940969842934097050e-02 2.864612347733834150e-02 2.797790507397093437e-02 2.735557857556961472e-02 2.677869918376044739e-02 2.631232856501944037e-02
2.693539326002327913e-02 3.179083638991829497e-02 3.348807635689115408e-02 3.422353930696364621e-02 3.435384686044850450e-02 3.416003860243871371e-02 3.375061028023654264e-02 3.324379434786280813e-02 3.249359279169045794e-02 3.160805676614554527e-02 3.090977719315739225e-02 3.034788453416284795e-02 2.988087450527044178e-02 2.938203794007197486e-02
2.925219190437305591e-02 3.473198289275925693e-02 3.669633948186874078e-02 3.758814115808763179e-02 3.773156685763563722e-02 3.750744270949867010e-02 3.706122211977719294e-02 3.655674632215984154e-02 3.568066309012417336e-02 3.487312386711936829e-02 3.418123185747880960e-02 3.363358630812374878e-02 3.310057390305615188e-02 3.259330808581968608e-02
3.234349533593766646e-02 3.803978309466871793e-02 4.025232888428846578e-02 4.118775107451862205e-02 4.131759639340365498e-02 4.103508633892725965e-02 4.056831130154940623e-02 3.999747513680494693e-02 3.916113193806829845e-02 3.840330450906871695e-02 3.778403904786281631e-02 3.716813963486425426e-02 3.657175785044850663e-02 3.609283407057056747e-02
3.491787239366109935e-02 4.131370221537571802e-02 4.362634492647210482e-02 4.459028356391316755e-02 4.468366808875184892e-02 4.433128650245741348e-02 4.374918980731296037e-02 4.311092497096126464e-02 4.230242679208841977e-02 4.161529054815557571e-02 4.091449399498594403e-02 4.022264695572632526e-02 3.965907939079019867e-02 3.926118452788207591e-02
3.836032250266007554e-02 4.475848361436855077e-02 4.721829291300476406e-02 4.828575509589462522e-02 4.831575915291011492e-02 4.787769587933228543e-02 4.721829291300476406e-02 4.662432847750044157e-02 4.582181967006994372e-02 4.522615323113655245e-02 4.446047983062260955e-02 4.382407071110142743e-02 4.325115730143423709e-02 4.276384857357653363e-02
4.126654919608700040e-02 4.844710970034993291e-02 5.105793909901054639e-02 5.201903498913672957e-02 5.192322560707694767e-02 5.138254913390827294e-02 5.066976374147356965e-02 5.005072614861669211e-02 4.931167219740324736e-02 4.867536589786691792e-02 4.796568042587331243e-02 4.731585055364935510e-02 4.661054691163304259e-02 4.615968781977993624e-02
4.582909738451924897e-02 5.320621156431667303e-02 5.544140014100853997e-02 5.619590624032160669e-02 5.593249791218390249e-02 5.531300052057520206e-02 5.460766606867972772e-02 5.412349582767810724e-02 5.345235987414702350e-02 5.281542509677255443e-02 5.210514893993328789e-02 5.131848623853632607e-02 5.063177682291544052e-02 5.045186398379570419e-02
5.027281625826166694e-02 5.765312940635237970e-02 5.997033713617964251e-02 6.054283815207994052e-02 6.019786190718359048e-02 5.951985606585413063e-02 5.893560678711307760e-02 5.834367682257898119e-02 5.765312940635237277e-02 5.702729671110324389e-02 5.614968356620202855e-02 5.536819263627343335e-02 5.494996278419388841e-02 5.473379601958960200e-02
5.462571273922733200e-02 6.226131971630802231e-02 6.430852070224310491e-02 6.475960538372298181e-02 6.437315489607728369e-02 6.371382214883931916e-02 6.300191352364056807e-02 6.242039204143367409e-02 6.175057067729011057e-02 6.098954022399631636e-02 6.013383786103013856e-02 5.966922951574191863e-02 5.917935701287734690e-02 5.892475106495046605e-02
5.935834985976960049e-02 6.686177310978518029e-02 6.881435189368502459e-02 6.912301487657901422e-02 6.881435189368502459e-02 6.806785030215270482e-02 6.736927013046939416e-02 6.686177310978516641e-02 6.607890471138172517e-02 6.540971578512506934e-02 6.492333747509661246e-02 6.440391316718234449e-02 6.385063637985824436e-02 6.356102916287363624e-02
6.288212070975650325e-02 7.117458746904382905e-02 7.298896593052890680e-02 7.343555650475280805e-02 7.322655629958584045e-02 7.253962597127913692e-02 7.193614011037818834e-02 7.138005312163551996e-02 7.049665012018237198e-02 6.999240350911664632e-02 6.944527415288265226e-02 6.915531349542822226e-02 6.854190660751004194e-02 6.854190660751004194e-02
6.699954783394196367e-02 7.549847629609134081e-02 7.750969936741396171e-02 7.817284148809056088e-02 7.808390039624098222e-02 7.750969936741396171e-02 7.686666768835656582e-02 7.624425527722182572e-02 7.549847629609132693e-02 7.493095938094521125e-02 7.462563220685047849e-02 7.430569233177958255e-02 7.397095014698512605e-02 7.397095014698512605e-02
