2.170000000000000000e+02 3.630000000000000000e+02 4.660000000000000000e+02 5.430000000000000000e+02 6.150000000000000000e+02 6.650000000000000000e+02 7.140000000000000000e+02 7.570000000000000000e+02 7.990000000000000000e+02 8.390000000000000000e+02 8.670000000000000000e+02 8.910000000000000000e+02 9.160000000000000000e+02 9.320000000000000000e+02
1.820000000000000000e+02 3.050000000000000000e+02 3.780000000000000000e+02 4.480000000000000000e+02 5.060000000000000000e+02 5.500000000000000000e+02 5.880000000000000000e+02 6.200000000000000000e+02 6.550000000000000000e+02 6.860000000000000000e+02 7.090000000000000000e+02 7.280000000000000000e+02 7.440000000000000000e+02 7.560000000000000000e+02
1.540000000000000000e+02 2.500000000000000000e+02 3.120000000000000000e+02 3.660000000000000000e+02 4.160000000000000000e+02 4.500000000000000000e+02 4.810000000000000000e+02 5.070000000000000000e+02 5.360000000000000000e+02 5.630000000000000000e+02 5.810000000000000000e+02 5.940000000000000000e+02 6.040000000000000000e+02 6.140000000000000000e+02
1.220000000000000000e+02 2.020000000000000000e+02 2.550000000000000000e+02 3.030000000000000000e+02 3.440000000000000000e+02 3.720000000000000000e+02 3.980000000000000000e+02 4.180000000000000000e+02 4.440000000000000000e+02 4.630000000000000000e+02 4.770000000000000000e+02 4.870000000000000000e+02 4.960000000000000000e+02 5.040000000000000000e+02
1.030000000000000000e+02 1.680000000000000000e+02 2.140000000000000000e+02 2.540000000000000000e+02 2.870000000000000000e+02 3.120000000000000000e+02 3.320000000000000000e+02 3.490000000000000000e+02 3.680000000000000000e+02 3.820000000000000000e+02 3.920000000000000000e+02 4.010000000000000000e+02 4.090000000000000000e+02 4.150000000000000000e+02
8.700000000000000000e+01 1.450000000000000000e+02 1.840000000000000000e+02 2.180000000000000000e+02 2.480000000000000000e+02 2.690000000000000000e+02 2.870000000000000000e+02 3.010000000000000000e+02 3.150000000000000000e+02 3.250000000000000000e+02 3.340000000000000000e+02 3.420000000000000000e+02 3.480000000000000000e+02 3.520000000000000000e+02
7.700000000000000000e+01 1.240000000000000000e+02 1.570000000000000000e+02 1.880000000000000000e+02 2.140000000000000000e+02 2.320000000000000000e+02 2.470000000000000000e+02 2.570000000000000000e+02 2.680000000000000000e+02 2.750000000000000000e+02 2.830000000000000000e+02 2.890000000000000000e+02 2.940000000000000000e+02 2.980000000000000000e+02
6.600000000000000000e+01 1.090000000000000000e+02 1.390000000000000000e+02 1.650000000000000000e+02 1.880000000000000000e+02 2.030000000000000000e+02 2.150000000000000000e+02 2.230000000000000000e+02 2.310000000000000000e+02 2.370000000000000000e+02 2.430000000000000000e+02 2.480000000000000000e+02 2.530000000000000000e+02 2.560000000000000000e+02
6.100000000000000000e+01 1.000000000000000000e+02 1.240000000000000000e+02 1.460000000000000000e+02 1.640000000000000000e+02 1.760000000000000000e+02 1.850000000000000000e+02 1.900000000000000000e+02 1.960000000000000000e+02 2.010000000000000000e+02 2.060000000000000000e+02 2.110000000000000000e+02 2.150000000000000000e+02 2.160000000000000000e+02
5.500000000000000000e+01 8.800000000000000000e+01 1.100000000000000000e+02 1.270000000000000000e+02 1.420000000000000000e+02 1.520000000000000000e+02 1.580000000000000000e+02 1.630000000000000000e+02 1.680000000000000000e+02 1.720000000000000000e+02 1.770000000000000000e+02 1.810000000000000000e+02 1.830000000000000000e+02 1.840000000000000000e+02
5.000000000000000000e+01 8.000000000000000000e+01 9.800000000000000000e+01 1.120000000000000000e+02 1.240000000000000000e+02 1.320000000000000000e+02 1.380000000000000000e+02 1.420000000000000000e+02 1.460000000000000000e+02 1.500000000000000000e+02 1.540000000000000000e+02 1.560000000000000000e+02 1.580000000000000000e+02 1.590000000000000000e+02
4.600000000000000000e+01 7.200000000000000000e+01 8.800000000000000000e+01 9.800000000000000000e+01 1.070000000000000000e+02 1.150000000000000000e+02 1.200000000000000000e+02 1.230000000000000000e+02 1.270000000000000000e+02 1.300000000000000000e+02 1.320000000000000000e+02 1.340000000000000000e+02 1.360000000000000000e+02 1.370000000000000000e+02
4.100000000000000000e+01 6.500000000000000000e+01 7.700000000000000000e+01 8.500000000000000000e+01 9.400000000000000000e+01 1.010000000000000000e+02 1.050000000000000000e+02 1.080000000000000000e+02 1.120000000000000000e+02 1.140000000000000000e+02 1.160000000000000000e+02 1.170000000000000000e+02 1.190000000000000000e+02 1.190000000000000000e+02
3.600000000000000000e+01 5.600000000000000000e+01 6.600000000000000000e+01 7.400000000000000000e+01 8.100000000000000000e+01 8.700000000000000000e+01 9.100000000000000000e+01 9.400000000000000000e+01 9.700000000000000000e+01 9.900000000000000000e+01 1.000000000000000000e+02 1.010000000000000000e+02 1.020000000000000000e+02 1.020000000000000000e+02
