2.376000000000000000e+03 2.170000000000000000e+03 1.996000000000000000e+03 1.848000000000000000e+03 1.715000000000000000e+03 1.590000000000000000e+03 1.472000000000000000e+03 1.361000000000000000e+03 1.260000000000000000e+03 1.173000000000000000e+03 1.090000000000000000e+03 1.012000000000000000e+03 9.460000000000000000e+02 8.820000000000000000e+02
2.563000000000000000e+03 2.334000000000000000e+03 2.132000000000000000e+03 1.976000000000000000e+03 1.828000000000000000e+03 1.697000000000000000e+03 1.568000000000000000e+03 1.445000000000000000e+03 1.337000000000000000e+03 1.241000000000000000e+03 1.153000000000000000e+03 1.070000000000000000e+03 9.950000000000000000e+02 9.270000000000000000e+02
2.711000000000000000e+03 2.457000000000000000e+03 2.243000000000000000e+03 2.070000000000000000e+03 1.914000000000000000e+03 1.773000000000000000e+03 1.636000000000000000e+03 1.507000000000000000e+03 1.393000000000000000e+03 1.293000000000000000e+03 1.200000000000000000e+03 1.111000000000000000e+03 1.030000000000000000e+03 9.600000000000000000e+02
2.819000000000000000e+03 2.548000000000000000e+03 2.324000000000000000e+03 2.145000000000000000e+03 1.980000000000000000e+03 1.832000000000000000e+03 1.690000000000000000e+03 1.555000000000000000e+03 1.438000000000000000e+03 1.330000000000000000e+03 1.233000000000000000e+03 1.141000000000000000e+03 1.059000000000000000e+03 9.870000000000000000e+02
2.912000000000000000e+03 2.625000000000000000e+03 2.394000000000000000e+03 2.207000000000000000e+03 2.034000000000000000e+03 1.883000000000000000e+03 1.735000000000000000e+03 1.597000000000000000e+03 1.473000000000000000e+03 1.360000000000000000e+03 1.259000000000000000e+03 1.166000000000000000e+03 1.083000000000000000e+03 1.009000000000000000e+03
2.977000000000000000e+03 2.683000000000000000e+03 2.445000000000000000e+03 2.252000000000000000e+03 2.076000000000000000e+03 1.921000000000000000e+03 1.771000000000000000e+03 1.630000000000000000e+03 1.501000000000000000e+03 1.384000000000000000e+03 1.282000000000000000e+03 1.188000000000000000e+03 1.103000000000000000e+03 1.027000000000000000e+03
3.036000000000000000e+03 2.731000000000000000e+03 2.487000000000000000e+03 2.291000000000000000e+03 2.111000000000000000e+03 1.953000000000000000e+03 1.800000000000000000e+03 1.655000000000000000e+03 1.523000000000000000e+03 1.403000000000000000e+03 1.300000000000000000e+03 1.204000000000000000e+03 1.118000000000000000e+03 1.042000000000000000e+03
3.080000000000000000e+03 2.771000000000000000e+03 2.524000000000000000e+03 2.323000000000000000e+03 2.140000000000000000e+03 1.979000000000000000e+03 1.823000000000000000e+03 1.676000000000000000e+03 1.541000000000000000e+03 1.420000000000000000e+03 1.315000000000000000e+03 1.218000000000000000e+03 1.132000000000000000e+03 1.056000000000000000e+03
3.124000000000000000e+03 2.811000000000000000e+03 2.558000000000000000e+03 2.353000000000000000e+03 2.165000000000000000e+03 2.001000000000000000e+03 1.842000000000000000e+03 1.692000000000000000e+03 1.555000000000000000e+03 1.433000000000000000e+03 1.327000000000000000e+03 1.230000000000000000e+03 1.144000000000000000e+03 1.066000000000000000e+03
3.159000000000000000e+03 2.840000000000000000e+03 2.585000000000000000e+03 2.375000000000000000e+03 2.184000000000000000e+03 2.018000000000000000e+03 1.856000000000000000e+03 1.706000000000000000e+03 1.568000000000000000e+03 1.445000000000000000e+03 1.339000000000000000e+03 1.242000000000000000e+03 1.154000000000000000e+03 1.076000000000000000e+03
3.186000000000000000e+03 2.864000000000000000e+03 2.605000000000000000e+03 2.392000000000000000e+03 2.198000000000000000e+03 2.030000000000000000e+03 1.868000000000000000e+03 1.717000000000000000e+03 1.578000000000000000e+03 1.455000000000000000e+03 1.349000000000000000e+03 1.250000000000000000e+03 1.162000000000000000e+03 1.084000000000000000e+03
3.209000000000000000e+03 2.883000000000000000e+03 2.622000000000000000e+03 2.405000000000000000e+03 2.208000000000000000e+03 2.040000000000000000e+03 1.877000000000000000e+03 1.725000000000000000e+03 1.586000000000000000e+03 1.463000000000000000e+03 1.355000000000000000e+03 1.256000000000000000e+03 1.168000000000000000e+03 1.090000000000000000e+03
3.225000000000000000e+03 2.897000000000000000e+03 2.632000000000000000e+03 2.413000000000000000e+03 2.216000000000000000e+03 2.047000000000000000e+03 1.883000000000000000e+03 1.731000000000000000e+03 1.593000000000000000e+03 1.469000000000000000e+03 1.361000000000000000e+03 1.261000000000000000e+03 1.173000000000000000e+03 1.094000000000000000e+03
3.240000000000000000e+03 2.908000000000000000e+03 2.641000000000000000e+03 2.422000000000000000e+03 2.223000000000000000e+03 2.053000000000000000e+03 1.889000000000000000e+03 1.738000000000000000e+03 1.599000000000000000e+03 1.475000000000000000e+03 1.366000000000000000e+03 1.266000000000000000e+03 1.177000000000000000e+03 1.098000000000000000e+03
