2.470000000000000000e+02 4.520000000000000000e+02 6.250000000000000000e+02 7.720000000000000000e+02 9.040000000000000000e+02 1.029000000000000000e+03 1.147000000000000000e+03 1.258000000000000000e+03 1.358000000000000000e+03 1.444000000000000000e+03 1.526000000000000000e+03 1.603000000000000000e+03 1.668000000000000000e+03 1.731000000000000000e+03
2.820000000000000000e+02 5.100000000000000000e+02 7.110000000000000000e+02 8.660000000000000000e+02 1.013000000000000000e+03 1.144000000000000000e+03 1.273000000000000000e+03 1.395000000000000000e+03 1.502000000000000000e+03 1.597000000000000000e+03 1.684000000000000000e+03 1.766000000000000000e+03 1.840000000000000000e+03 1.907000000000000000e+03
3.100000000000000000e+02 5.630000000000000000e+02 7.760000000000000000e+02 9.480000000000000000e+02 1.103000000000000000e+03 1.244000000000000000e+03 1.380000000000000000e+03 1.508000000000000000e+03 1.621000000000000000e+03 1.720000000000000000e+03 1.812000000000000000e+03 1.900000000000000000e+03 1.980000000000000000e+03 2.049000000000000000e+03
3.400000000000000000e+02 6.100000000000000000e+02 8.330000000000000000e+02 1.011000000000000000e+03 1.175000000000000000e+03 1.322000000000000000e+03 1.463000000000000000e+03 1.597000000000000000e+03 1.713000000000000000e+03 1.820000000000000000e+03 1.916000000000000000e+03 2.007000000000000000e+03 2.088000000000000000e+03 2.159000000000000000e+03
3.580000000000000000e+02 6.440000000000000000e+02 8.740000000000000000e+02 1.060000000000000000e+03 1.232000000000000000e+03 1.382000000000000000e+03 1.529000000000000000e+03 1.666000000000000000e+03 1.789000000000000000e+03 1.901000000000000000e+03 2.001000000000000000e+03 2.093000000000000000e+03 2.175000000000000000e+03 2.248000000000000000e+03
3.740000000000000000e+02 6.670000000000000000e+02 9.040000000000000000e+02 1.096000000000000000e+03 1.271000000000000000e+03 1.425000000000000000e+03 1.574000000000000000e+03 1.714000000000000000e+03 1.842000000000000000e+03 1.958000000000000000e+03 2.059000000000000000e+03 2.152000000000000000e+03 2.236000000000000000e+03 2.311000000000000000e+03
3.840000000000000000e+02 6.880000000000000000e+02 9.310000000000000000e+02 1.126000000000000000e+03 1.305000000000000000e+03 1.462000000000000000e+03 1.614000000000000000e+03 1.758000000000000000e+03 1.889000000000000000e+03 2.008000000000000000e+03 2.110000000000000000e+03 2.205000000000000000e+03 2.290000000000000000e+03 2.365000000000000000e+03
3.950000000000000000e+02 7.030000000000000000e+02 9.490000000000000000e+02 1.149000000000000000e+03 1.331000000000000000e+03 1.491000000000000000e+03 1.646000000000000000e+03 1.792000000000000000e+03 1.926000000000000000e+03 2.046000000000000000e+03 2.150000000000000000e+03 2.246000000000000000e+03 2.331000000000000000e+03 2.406000000000000000e+03
4.000000000000000000e+02 7.120000000000000000e+02 9.640000000000000000e+02 1.168000000000000000e+03 1.355000000000000000e+03 1.518000000000000000e+03 1.676000000000000000e+03 1.825000000000000000e+03 1.961000000000000000e+03 2.082000000000000000e+03 2.187000000000000000e+03 2.283000000000000000e+03 2.368000000000000000e+03 2.445000000000000000e+03
4.060000000000000000e+02 7.240000000000000000e+02 9.780000000000000000e+02 1.187000000000000000e+03 1.377000000000000000e+03 1.542000000000000000e+03 1.703000000000000000e+03 1.852000000000000000e+03 1.989000000000000000e+03 2.111000000000000000e+03 2.216000000000000000e+03 2.312000000000000000e+03 2.399000000000000000e+03 2.476000000000000000e+03
4.110000000000000000e+02 7.320000000000000000e+02 9.900000000000000000e+02 1.202000000000000000e+03 1.395000000000000000e+03 1.562000000000000000e+03 1.723000000000000000e+03 1.873000000000000000e+03 2.011000000000000000e+03 2.133000000000000000e+03 2.238000000000000000e+03 2.336000000000000000e+03 2.423000000000000000e+03 2.500000000000000000e+03
4.150000000000000000e+02 7.400000000000000000e+02 1.000000000000000000e+03 1.216000000000000000e+03 1.412000000000000000e+03 1.579000000000000000e+03 1.741000000000000000e+03 1.892000000000000000e+03 2.030000000000000000e+03 2.152000000000000000e+03 2.259000000000000000e+03 2.357000000000000000e+03 2.444000000000000000e+03 2.521000000000000000e+03
4.210000000000000000e+02 7.480000000000000000e+02 1.012000000000000000e+03 1.230000000000000000e+03 1.426000000000000000e+03 1.594000000000000000e+03 1.757000000000000000e+03 1.908000000000000000e+03 2.045000000000000000e+03 2.168000000000000000e+03 2.275000000000000000e+03 2.374000000000000000e+03 2.461000000000000000e+03 2.539000000000000000e+03
4.260000000000000000e+02 7.570000000000000000e+02 1.023000000000000000e+03 1.241000000000000000e+03 1.439000000000000000e+03 1.608000000000000000e+03 1.771000000000000000e+03 1.921000000000000000e+03 2.059000000000000000e+03 2.182000000000000000e+03 2.290000000000000000e+03 2.389000000000000000e+03 2.477000000000000000e+03 2.555000000000000000e+03
