1.788953009068425526e-01 2.992580379225061593e-01 3.841714756801318797e-01 4.492992580379225331e-01 5.094806265457543226e-01 5.511551155115511635e-01 5.920726672171758853e-01 6.280991735537190257e-01 6.628099173553718693e-01 6.958677685950412917e-01 7.190082644628099651e-01 7.388429752066115741e-01 7.595041322314050047e-01 7.727272727272727071e-01
1.838383838383838287e-01 3.080808080808080662e-01 3.838383838383838120e-01 4.555555555555555469e-01 5.141414141414141215e-01 5.591506572295247279e-01 5.981781376518218174e-01 6.305668016194332370e-01 6.659919028340081093e-01 6.973684210526315264e-01 7.206477732793522550e-01 7.398785425101214175e-01 7.560728744939271273e-01 7.682186234817813819e-01
1.894218942189421773e-01 3.099630996309963304e-01 3.874538745387454131e-01 4.538745387453874680e-01 5.153751537515375292e-01 5.578817733990147909e-01 5.960591133004926601e-01 6.280788177339901024e-01 6.637931034482759118e-01 6.970443349753694395e-01 7.192118226600985320e-01 7.352216748768473087e-01 7.475369458128078293e-01 7.598522167487684609e-01
1.839762611275964355e-01 3.041543026706231556e-01 3.827893175074184029e-01 4.540059347181009120e-01 5.148367952522254765e-01 5.563798219584569216e-01 5.949554896142432714e-01 6.246290801186943353e-01 6.632047477744806852e-01 6.913946587537092014e-01 7.121661721068249795e-01 7.270029673590504560e-01 7.403560830860533848e-01 7.522255192878338770e-01
1.886120996441281172e-01 3.042704626334519769e-01 3.861209964412811169e-01 4.572953736654804535e-01 5.160142348754448438e-01 5.604982206405694223e-01 5.960854092526690629e-01 6.263345195729537185e-01 6.601423487544484381e-01 6.850533807829181088e-01 7.028469750889679846e-01 7.188612099644128284e-01 7.330960854092526402e-01 7.437722419928826101e-01
1.875000000000000000e-01 3.083333333333333481e-01 3.895833333333333370e-01 4.604166666666666408e-01 5.229166666666666963e-01 5.666666666666666519e-01 6.041666666666666297e-01 6.333333333333333037e-01 6.624999999999999778e-01 6.833333333333333481e-01 7.020833333333332815e-01 7.187500000000000000e-01 7.312499999999999556e-01 7.395833333333333703e-01
1.951219512195122019e-01 3.097560975609756073e-01 3.902439024390244038e-01 4.658536585365853910e-01 5.292682926829268553e-01 5.731707317073170271e-01 6.097560975609755962e-01 6.341463414634146423e-01 6.609756097560975929e-01 6.780487804878049252e-01 6.975609756097560510e-01 7.121951219512194786e-01 7.243902439024390016e-01 7.341463414634146201e-01
1.949152542372881436e-01 3.163841807909604786e-01 4.011299435028248817e-01 4.745762711864406902e-01 5.395480225988700251e-01 5.819209039548022266e-01 6.158192090395480101e-01 6.384180790960451990e-01 6.610169491525423879e-01 6.779661016949152241e-01 6.949152542372881713e-01 7.090395480225988312e-01 7.231638418079096020e-01 7.316384180790960201e-01
2.105263157894736725e-01 3.388157894736842368e-01 4.177631578947368363e-01 4.901315789473684181e-01 5.493421052631578538e-01 5.888157894736841813e-01 6.184210526315789824e-01 6.348684210526315264e-01 6.546052631578946901e-01 6.710526315789473450e-01 6.875000000000000000e-01 7.039473684210526550e-01 7.171052631578946901e-01 7.203947368421053099e-01
2.213740458015267254e-01 3.473282442748091836e-01 4.312977099236641187e-01 4.961832061068702227e-01 5.534351145038167719e-01 5.916030534351145453e-01 6.145038167938930984e-01 6.335877862595419296e-01 6.526717557251908719e-01 6.679389312977098703e-01 6.870229007633588125e-01 7.022900763358778109e-01 7.099236641221373656e-01 7.137404580152671985e-01
2.314410480349345101e-01 3.624454148471615844e-01 4.410480349344977902e-01 5.021834061135370675e-01 5.545851528384279083e-01 5.895196506550218762e-01 6.157205240174672412e-01 6.331877729257642251e-01 6.506550218340610980e-01 6.681222707423580820e-01 6.855895196506550660e-01 6.943231441048034469e-01 7.030567685589519389e-01 7.074235807860261849e-01
2.437810945273631846e-01 3.731343283582089776e-01 4.527363184079601921e-01 5.024875621890547706e-01 5.472636815920397524e-01 5.870646766169154152e-01 6.119402985074626766e-01 6.268656716417910779e-01 6.467661691542289093e-01 6.616915422885571996e-01 6.716417910447761708e-01 6.815920398009950310e-01 6.915422885572138911e-01 6.965174129353234322e-01
2.415730337078651757e-01 3.764044943820224476e-01 4.438202247191010974e-01 4.887640449438201973e-01 5.393258426966291985e-01 5.786516853932583970e-01 6.011235955056180025e-01 6.179775280898875955e-01 6.404494382022472010e-01 6.516853932584270037e-01 6.629213483146066954e-01 6.685393258426965968e-01 6.797752808988763995e-01 6.797752808988763995e-01
2.420382165605095559e-01 3.694267515923566614e-01 4.331210191082802696e-01 4.840764331210191118e-01 5.286624203821655987e-01 5.668789808917197304e-01 5.923566878980891515e-01 6.114649681528662173e-01 6.305732484076432831e-01 6.433121019108279937e-01 6.496815286624203489e-01 6.560509554140127042e-01 6.624203821656050595e-01 6.624203821656050595e-01
