1.209278081834766760e-01 2.124608967674661009e-01 2.844850065189048482e-01 3.435054773082942270e-01 3.970780067831985449e-01 4.428496868475991777e-01 4.865570347167841314e-01 5.268929503916448542e-01 5.641159571689736696e-01 5.971786833855798893e-01 6.260778677815521664e-01 6.526398327234710361e-01 6.763398692810457247e-01 6.971757322175732297e-01
1.209278081834766760e-01 2.124608967674661009e-01 2.844850065189048482e-01 3.435054773082942270e-01 3.970780067831985449e-01 4.428496868475991777e-01 4.865570347167841314e-01 5.268929503916448542e-01 5.641159571689736696e-01 5.971786833855798893e-01 6.260778677815521664e-01 6.526398327234710361e-01 6.763398692810457247e-01 6.971757322175732297e-01
1.209278081834766760e-01 2.124608967674661009e-01 2.844850065189048482e-01 3.435054773082942270e-01 3.970780067831985449e-01 4.428496868475991777e-01 4.865570347167841314e-01 5.268929503916448542e-01 5.641159571689736696e-01 5.971786833855798893e-01 6.260778677815521664e-01 6.526398327234710361e-01 6.763398692810457247e-01 6.971757322175732297e-01
1.209278081834766760e-01 2.124608967674661009e-01 2.844850065189048482e-01 3.435054773082942270e-01 3.970780067831985449e-01 4.428496868475991777e-01 4.865570347167841314e-01 5.268929503916448542e-01 5.641159571689736696e-01 5.971786833855798893e-01 6.260778677815521664e-01 6.526398327234710361e-01 6.763398692810457247e-01 6.971757322175732297e-01
1.209278081834766760e-01 2.124608967674661009e-01 2.844850065189048482e-01 3.435054773082942270e-01 3.970780067831985449e-01 4.428496868475991777e-01 4.865570347167841314e-01 5.268929503916448542e-01 5.641159571689736696e-01 5.971786833855798893e-01 6.260778677815521664e-01 6.526398327234710361e-01 6.763398692810457247e-01 6.971757322175732297e-01
1.209278081834766760e-01 2.124608967674661009e-01 2.844850065189048482e-01 3.435054773082942270e-01 3.970780067831985449e-01 4.428496868475991777e-01 4.865570347167841314e-01 5.268929503916448542e-01 5.641159571689736696e-01 5.971786833855798893e-01 6.260778677815521664e-01 6.526398327234710361e-01 6.763398692810457247e-01 6.971757322175732297e-01
1.209278081834766760e-01 2.124608967674661009e-01 2.844850065189048482e-01 3.435054773082942270e-01 3.970780067831985449e-01 4.428496868475991777e-01 4.865570347167841314e-01 5.268929503916448542e-01 5.641159571689736696e-01 5.971786833855798893e-01 6.260778677815521664e-01 6.526398327234710361e-01 6.763398692810457247e-01 6.971757322175732297e-01
1.209278081834766760e-01 2.124608967674661009e-01 2.844850065189048482e-01 3.435054773082942270e-01 3.970780067831985449e-01 4.428496868475991777e-01 4.865570347167841314e-01 5.268929503916448542e-01 5.641159571689736696e-01 5.971786833855798893e-01 6.260778677815521664e-01 6.526398327234710361e-01 6.763398692810457247e-01 6.971757322175732297e-01
1.209278081834766760e-01 2.124608967674661009e-01 2.844850065189048482e-01 3.435054773082942270e-01 3.970780067831985449e-01 4.428496868475991777e-01 4.865570347167841314e-01 5.268929503916448542e-01 5.641159571689736696e-01 5.971786833855798893e-01 6.260778677815521664e-01 6.526398327234710361e-01 6.763398692810457247e-01 6.971757322175732297e-01
1.209278081834766760e-01 2.124608967674661009e-01 2.844850065189048482e-01 3.435054773082942270e-01 3.970780067831985449e-01 4.428496868475991777e-01 4.865570347167841314e-01 5.268929503916448542e-01 5.641159571689736696e-01 5.971786833855798893e-01 6.260778677815521664e-01 6.526398327234710361e-01 6.763398692810457247e-01 6.971757322175732297e-01
1.209278081834766760e-01 2.124608967674661009e-01 2.844850065189048482e-01 3.435054773082942270e-01 3.970780067831985449e-01 4.428496868475991777e-01 4.865570347167841314e-01 5.268929503916448542e-01 5.641159571689736696e-01 5.971786833855798893e-01 6.260778677815521664e-01 6.526398327234710361e-01 6.763398692810457247e-01 6.971757322175732297e-01
1.209278081834766760e-01 2.124608967674661009e-01 2.844850065189048482e-01 3.435054773082942270e-01 3.970780067831985449e-01 4.428496868475991777e-01 4.865570347167841314e-01 5.268929503916448542e-01 5.641159571689736696e-01 5.971786833855798893e-01 6.260778677815521664e-01 6.526398327234710361e-01 6.763398692810457247e-01 6.971757322175732297e-01
1.209278081834766760e-01 2.124608967674661009e-01 2.844850065189048482e-01 3.435054773082942270e-01 3.970780067831985449e-01 4.428496868475991777e-01 4.865570347167841314e-01 5.268929503916448542e-01 5.641159571689736696e-01 5.971786833855798893e-01 6.260778677815521664e-01 6.526398327234710361e-01 6.763398692810457247e-01 6.971757322175732297e-01
1.209278081834766760e-01 2.124608967674661009e-01 2.844850065189048482e-01 3.435054773082942270e-01 3.970780067831985449e-01 4.428496868475991777e-01 4.865570347167841314e-01 5.268929503916448542e-01 5.641159571689736696e-01 5.971786833855798893e-01 6.260778677815521664e-01 6.526398327234710361e-01 6.763398692810457247e-01 6.971757322175732297e-01
