3.373000000000000000e+03 3.021000000000000000e+03 2.744000000000000000e+03 2.517000000000000000e+03 2.311000000000000000e+03 2.135000000000000000e+03 1.967000000000000000e+03 1.812000000000000000e+03 1.669000000000000000e+03 1.542000000000000000e+03 1.431000000000000000e+03 1.329000000000000000e+03 1.238000000000000000e+03 1.158000000000000000e+03
3.373000000000000000e+03 3.021000000000000000e+03 2.744000000000000000e+03 2.517000000000000000e+03 2.311000000000000000e+03 2.135000000000000000e+03 1.967000000000000000e+03 1.812000000000000000e+03 1.669000000000000000e+03 1.542000000000000000e+03 1.431000000000000000e+03 1.329000000000000000e+03 1.238000000000000000e+03 1.158000000000000000e+03
3.373000000000000000e+03 3.021000000000000000e+03 2.744000000000000000e+03 2.517000000000000000e+03 2.311000000000000000e+03 2.135000000000000000e+03 1.967000000000000000e+03 1.812000000000000000e+03 1.669000000000000000e+03 1.542000000000000000e+03 1.431000000000000000e+03 1.329000000000000000e+03 1.238000000000000000e+03 1.158000000000000000e+03
3.373000000000000000e+03 3.021000000000000000e+03 2.744000000000000000e+03 2.517000000000000000e+03 2.311000000000000000e+03 2.135000000000000000e+03 1.967000000000000000e+03 1.812000000000000000e+03 1.669000000000000000e+03 1.542000000000000000e+03 1.431000000000000000e+03 1.329000000000000000e+03 1.238000000000000000e+03 1.158000000000000000e+03
3.373000000000000000e+03 3.021000000000000000e+03 2.744000000000000000e+03 2.517000000000000000e+03 2.311000000000000000e+03 2.135000000000000000e+03 1.967000000000000000e+03 1.812000000000000000e+03 1.669000000000000000e+03 1.542000000000000000e+03 1.431000000000000000e+03 1.329000000000000000e+03 1.238000000000000000e+03 1.158000000000000000e+03
3.373000000000000000e+03 3.021000000000000000e+03 2.744000000000000000e+03 2.517000000000000000e+03 2.311000000000000000e+03 2.135000000000000000e+03 1.967000000000000000e+03 1.812000000000000000e+03 1.669000000000000000e+03 1.542000000000000000e+03 1.431000000000000000e+03 1.329000000000000000e+03 1.238000000000000000e+03 1.158000000000000000e+03
3.373000000000000000e+03 3.021000000000000000e+03 2.744000000000000000e+03 2.517000000000000000e+03 2.311000000000000000e+03 2.135000000000000000e+03 1.967000000000000000e+03 1.812000000000000000e+03 1.669000000000000000e+03 1.542000000000000000e+03 1.431000000000000000e+03 1.329000000000000000e+03 1.238000000000000000e+03 1.158000000000000000e+03
3.373000000000000000e+03 3.021000000000000000e+03 2.744000000000000000e+03 2.517000000000000000e+03 2.311000000000000000e+03 2.135000000000000000e+03 1.967000000000000000e+03 1.812000000000000000e+03 1.669000000000000000e+03 1.542000000000000000e+03 1.431000000000000000e+03 1.329000000000000000e+03 1.238000000000000000e+03 1.158000000000000000e+03
3.373000000000000000e+03 3.021000000000000000e+03 2.744000000000000000e+03 2.517000000000000000e+03 2.311000000000000000e+03 2.135000000000000000e+03 1.967000000000000000e+03 1.812000000000000000e+03 1.669000000000000000e+03 1.542000000000000000e+03 1.431000000000000000e+03 1.329000000000000000e+03 1.238000000000000000e+03 1.158000000000000000e+03
3.373000000000000000e+03 3.021000000000000000e+03 2.744000000000000000e+03 2.517000000000000000e+03 2.311000000000000000e+03 2.135000000000000000e+03 1.967000000000000000e+03 1.812000000000000000e+03 1.669000000000000000e+03 1.542000000000000000e+03 1.431000000000000000e+03 1.329000000000000000e+03 1.238000000000000000e+03 1.158000000000000000e+03
3.373000000000000000e+03 3.021000000000000000e+03 2.744000000000000000e+03 2.517000000000000000e+03 2.311000000000000000e+03 2.135000000000000000e+03 1.967000000000000000e+03 1.812000000000000000e+03 1.669000000000000000e+03 1.542000000000000000e+03 1.431000000000000000e+03 1.329000000000000000e+03 1.238000000000000000e+03 1.158000000000000000e+03
3.373000000000000000e+03 3.021000000000000000e+03 2.744000000000000000e+03 2.517000000000000000e+03 2.311000000000000000e+03 2.135000000000000000e+03 1.967000000000000000e+03 1.812000000000000000e+03 1.669000000000000000e+03 1.542000000000000000e+03 1.431000000000000000e+03 1.329000000000000000e+03 1.238000000000000000e+03 1.158000000000000000e+03
3.373000000000000000e+03 3.021000000000000000e+03 2.744000000000000000e+03 2.517000000000000000e+03 2.311000000000000000e+03 2.135000000000000000e+03 1.967000000000000000e+03 1.812000000000000000e+03 1.669000000000000000e+03 1.542000000000000000e+03 1.431000000000000000e+03 1.329000000000000000e+03 1.238000000000000000e+03 1.158000000000000000e+03
3.373000000000000000e+03 3.021000000000000000e+03 2.744000000000000000e+03 2.517000000000000000e+03 2.311000000000000000e+03 2.135000000000000000e+03 1.967000000000000000e+03 1.812000000000000000e+03 1.669000000000000000e+03 1.542000000000000000e+03 1.431000000000000000e+03 1.329000000000000000e+03 1.238000000000000000e+03 1.158000000000000000e+03
