1.605584642233856829e-01 2.664339732402559724e-01 3.434225844004656358e-01 4.016298020954598424e-01 4.516880093131548368e-01 4.994179278230500563e-01 5.299941758881770992e-01 5.606060606060605522e-01 5.926573426573427117e-01 6.264568764568764214e-01 6.515151515151514916e-01 6.730769230769231282e-01 6.963869463869464260e-01 7.154518950437317448e-01
1.655933762649494101e-01 2.851885924563017372e-01 3.753449862005519555e-01 4.259429622815087413e-01 4.783808647654093638e-01 5.160993560257589596e-01 5.405156537753222912e-01 5.699815837937385332e-01 6.022099447513812320e-01 6.335174953959484823e-01 6.574585635359115887e-01 6.804788213627992466e-01 7.053406998158379126e-01 7.235023041474654137e-01
1.779053084648493654e-01 3.098995695839311115e-01 3.974175035868005579e-01 4.490674318507891227e-01 4.978479196556671593e-01 5.322812051649927767e-01 5.538020086083214055e-01 5.810616929698708688e-01 6.083213773314203321e-01 6.398852223816355878e-01 6.685796269727403152e-01 6.929698708751793612e-01 7.187948350071735604e-01 7.313218390804597790e-01
1.865509761388286225e-01 3.253796095444685399e-01 4.208242950108460056e-01 4.685466377440347108e-01 5.162689804772234714e-01 5.488069414316703032e-01 5.639913232104121210e-01 5.856832971800434162e-01 6.138828633405639668e-01 6.464208242950107985e-01 6.767895878524945452e-01 7.006507592190889255e-01 7.158351409978308544e-01 7.260869565217391575e-01
1.839464882943143698e-01 3.377926421404682245e-01 4.280936454849498252e-01 4.682274247491639008e-01 5.150501672240802575e-01 5.384615384615384359e-01 5.551839464882942776e-01 5.785953177257524560e-01 6.053511705685619138e-01 6.387959866220735972e-01 6.688963210702341122e-01 6.923076923076922906e-01 7.090301003344481323e-01 7.214765100671141074e-01
1.717171717171717127e-01 3.434343434343434254e-01 4.292929292929292817e-01 4.797979797979797789e-01 5.202020202020202211e-01 5.454545454545454142e-01 5.555555555555555802e-01 5.757575757575758013e-01 6.111111111111111605e-01 6.414141414141414366e-01 6.717171717171717127e-01 6.919191919191919338e-01 7.070707070707070718e-01 7.222222222222222099e-01
1.742424242424242542e-01 3.409090909090908839e-01 4.318181818181818232e-01 4.696969696969697239e-01 5.000000000000000000e-01 5.303030303030302761e-01 5.378787878787878451e-01 5.681818181818182323e-01 5.984848484848485084e-01 6.287878787878787845e-01 6.515151515151514916e-01 6.818181818181817677e-01 6.969696969696970168e-01 7.121212121212121549e-01
1.666666666666666574e-01 3.571428571428571508e-01 4.404761904761904656e-01 4.761904761904761640e-01 5.119047619047618625e-01 5.357142857142856984e-01 5.476190476190476719e-01 5.714285714285713969e-01 6.071428571428570953e-01 6.309523809523809312e-01 6.547619047619047672e-01 6.904761904761904656e-01 7.023809523809523281e-01 7.261904761904761640e-01
1.632653061224489666e-01 3.469387755102040782e-01 4.081632653061224580e-01 4.489795918367346927e-01 4.897959183673469274e-01 5.306122448979592177e-01 5.510204081632652517e-01 5.714285714285713969e-01 5.918367346938775420e-01 6.122448979591836871e-01 6.326530612244898322e-01 6.734693877551020114e-01 6.938775510204081565e-01 7.142857142857143016e-01
1.935483870967741882e-01 3.548387096774193727e-01 4.516129032258064391e-01 5.161290322580645018e-01 5.806451612903226200e-01 6.129032258064516236e-01 6.129032258064516236e-01 6.129032258064516236e-01 6.129032258064516236e-01 6.451612903225806273e-01 6.774193548387096309e-01 7.096774193548387455e-01 7.096774193548387455e-01 7.419354838709677491e-01
1.052631578947368363e-01 3.157894736842105088e-01 4.736842105263157632e-01 5.789473684210526550e-01 6.315789473684210176e-01 6.315789473684210176e-01 6.315789473684210176e-01 6.315789473684210176e-01 6.315789473684210176e-01 6.842105263157894912e-01 7.368421052631578538e-01 7.368421052631578538e-01 7.368421052631578538e-01 7.894736842105263275e-01
9.090909090909091161e-02 3.636363636363636465e-01 5.454545454545454142e-01 6.363636363636363535e-01 6.363636363636363535e-01 6.363636363636363535e-01 6.363636363636363535e-01 6.363636363636363535e-01 6.363636363636363535e-01 7.272727272727272929e-01 7.272727272727272929e-01 7.272727272727272929e-01 7.272727272727272929e-01 8.181818181818182323e-01
0.000000000000000000e+00 4.000000000000000222e-01 5.999999999999999778e-01 5.999999999999999778e-01 5.999999999999999778e-01 5.999999999999999778e-01 5.999999999999999778e-01 5.999999999999999778e-01 5.999999999999999778e-01 5.999999999999999778e-01 5.999999999999999778e-01 5.999999999999999778e-01 5.999999999999999778e-01 8.000000000000000444e-01
0.000000000000000000e+00 5.000000000000000000e-01 5.000000000000000000e-01 5.000000000000000000e-01 5.000000000000000000e-01 5.000000000000000000e-01 5.000000000000000000e-01 5.000000000000000000e-01 5.000000000000000000e-01 5.000000000000000000e-01 5.000000000000000000e-01 5.000000000000000000e-01 5.000000000000000000e-01 1.000000000000000000e+00
