1.735521359072331182e-02 2.089933842554973775e-02 2.245442238281112127e-02 2.318154806540195095e-02 2.353301892908750415e-02 2.364363257069474270e-02 2.360793996795730598e-02 2.348298793861425607e-02 2.324765812825833888e-02 2.288829239941186228e-02 2.254507268773331061e-02 2.219486812005443468e-02 2.175619588432335313e-02 2.135463128376196423e-02
2.209793294050414400e-02 2.684127314164898651e-02 2.878569529269766128e-02 2.939642689486755486e-02 2.969647878030918370e-02 2.970886483819224280e-02 2.964016772866003360e-02 2.944523998550010666e-02 2.910999166222371856e-02 2.865807986417471045e-02 2.822486733587919669e-02 2.773309185393418516e-02 2.711444425551374701e-02 2.661380189571504670e-02
2.839193929511464598e-02 3.433257029780345526e-02 3.633050493903090122e-02 3.692705601281592864e-02 3.711980309306262688e-02 3.704270210332361035e-02 3.690462112354524898e-02 3.662906572641926040e-02 3.623857869932845671e-02 3.563782527994718841e-02 3.494667430672177694e-02 3.424422613239607588e-02 3.337749986513337958e-02 3.293228812297629288e-02
3.556063788796552660e-02 4.276913898990839652e-02 4.506726252046853315e-02 4.555275007945366189e-02 4.561898238604356060e-02 4.542517523462410306e-02 4.526779974219854313e-02 4.496796652368911795e-02 4.444346409638962048e-02 4.364219822052604197e-02 4.269481287879169779e-02 4.180666146059799915e-02 4.117155793433213695e-02 4.075471212471275251e-02
4.391628014232597244e-02 5.360960050335953492e-02 5.608572379575599981e-02 5.656032142941282842e-02 5.664918294756591394e-02 5.650693744259652207e-02 5.632862542513284582e-02 5.597029719924429686e-02 5.540252775197312268e-02 5.444748829821704356e-02 5.334354625314289416e-02 5.231525846094604165e-02 5.148454104895575784e-02 5.089673827330231520e-02
5.253148385882677740e-02 6.614308063781153268e-02 6.894566590783535176e-02 6.958869639951749397e-02 6.958869639951749397e-02 6.935717866166295209e-02 6.921432129338374317e-02 6.884150475271688663e-02 6.790415257478635280e-02 6.680197780293821441e-02 6.540949328824439968e-02 6.431073706349432761e-02 6.339226955885526871e-02 6.238894610493352783e-02
6.471014031440279479e-02 8.086508692876670512e-02 8.450126959392516290e-02 8.514125339707401263e-02 8.529805141829194248e-02 8.514125339707401263e-02 8.505292748077551701e-02 8.450126959392517678e-02 8.362702650133368998e-02 8.241993368390131136e-02 8.128741558468519091e-02 7.945863030141162020e-02 7.840054539699545244e-02 7.724153568417625737e-02
7.969850595746354183e-02 1.024695076595959764e-01 1.061663614159225749e-01 1.068054652506481433e-01 1.068964538787506025e-01 1.066536450385077162e-01 1.064407329438764593e-01 1.058300524425836164e-01 1.044429668926219884e-01 1.031943509794701619e-01 1.016757737268960404e-01 9.886391694685212062e-02 9.777619948221134838e-02 9.535994189657688580e-02
1.034901158644276203e-01 1.332789004536068800e-01 1.376182237576262235e-01 1.392692297937593304e-01 1.399708424447530242e-01 1.397373629787140858e-01 1.392692297937593304e-01 1.385640646055101566e-01 1.376182237576262235e-01 1.364267015578665143e-01 1.349829921259167453e-01 1.313042890637263482e-01 1.290467404644138893e-01 1.264911064067351654e-01
1.390782316654124717e-01 1.684321029396156355e-01 1.751870538694073609e-01 1.759215940045025517e-01 1.737086556742579169e-01 1.714671597572863804e-01 1.714671597572863804e-01 1.714671597572863804e-01 1.714671597572863804e-01 1.684321029396156355e-01 1.645595829249983100e-01 1.597887229143381826e-01 1.597887229143381826e-01 1.540360743952484401e-01
nan nan nan nan nan nan nan nan nan nan nan nan nan nan
nan nan nan nan nan nan nan nan nan nan nan nan nan nan
nan nan nan nan nan nan nan nan nan nan nan nan nan nan
nan nan nan nan nan nan nan nan nan nan nan nan nan nan
