1.658653233389257139e-11 2.399828937413697937e-13 4.117070496742480384e-13 1.084790556488960103e-11 5.845676567667228295e-10 2.573369077153238393e-10 1.470418333484130835e-06 1.896287703210273513e-04 1.488697566618890243e-03 9.806508478345733922e-04 3.746888799712519598e-03 1.826589248086824338e-02 1.849284819160017593e-02 2.906035216399420820e-02
1.290793731599268784e-07 5.954043262723107138e-12 5.996500799079763944e-15 1.768758879728439177e-11 1.227689188226737339e-10 1.140656472664286156e-08 3.086005471463486072e-05 8.869331856061203308e-04 3.127166963920804520e-03 4.394785241030354540e-03 1.283022847612065760e-02 2.514176326666429234e-02 1.752183515359735655e-02 2.845402049221123011e-02
4.757293361204979135e-07 5.166884060500579872e-12 3.895680438299812129e-13 1.164412629070208920e-10 2.396006150625951862e-09 1.857962560915926442e-07 1.022511283046566879e-04 1.777894221213041073e-03 1.046569179726922552e-02 1.244966434887458638e-02 1.170025391019064581e-02 1.514847884493753828e-02 9.204899087597208027e-03 3.382746255745998354e-02
5.871948451110697201e-06 3.893681813308909329e-10 6.772924178699979051e-12 2.297492222559345266e-09 3.283256273368737198e-08 1.343784102084019405e-06 4.706603093900135781e-04 8.146789694841278032e-03 2.460515660575414779e-02 2.458460577529805735e-02 1.886387475749202666e-02 2.404426068441886319e-02 6.016404644098953536e-02 1.661330539661184380e-01
7.035786724055172843e-04 5.212958010350451718e-08 1.468350110818025951e-08 3.067924314919455737e-06 1.865716584787591354e-05 6.598606446154440999e-04 1.584790805047186363e-02 7.113998748547432915e-02 1.507618138383320094e-01 1.424492537618878008e-01 1.256383431159932285e-01 1.506660007640465149e-01 2.324861510611673787e-01 3.760852503938552083e-01
3.244538943336652825e-02 5.699176232536939870e-06 5.194763481860889339e-06 4.697586678895956095e-05 3.688433257775173136e-04 3.599502589211000386e-03 5.464104798017146297e-02 1.798808220247224976e-01 1.950231480196355227e-01 2.191276984888499146e-01 1.978837443069072777e-01 2.646571862811469833e-01 3.836836294288406002e-01 4.787729742669948330e-01
7.572607300370388927e-02 3.663243504293139962e-04 1.992243993219135504e-04 2.580436377743779586e-03 1.783982512329617548e-02 4.890884749771179374e-02 2.661532098860933115e-01 3.798228112465700246e-01 4.708565603307288683e-01 5.071714332849149853e-01 6.008497991821553086e-01 5.329385591452242554e-01 6.738285624727300416e-01 7.764599463707688720e-01
2.581167104026462211e-01 1.672397011200303868e-03 2.057095069881396780e-03 1.339159121315345799e-02 3.919875776413002388e-02 1.049087525964332857e-01 3.068727818449057398e-01 4.738896320829091291e-01 4.883806187833099610e-01 5.991059010829288267e-01 6.632744021488714559e-01 5.348683398156147684e-01 6.906955576769095995e-01 6.418186013235820386e-01
4.874707073560387016e-01 3.232295435089958119e-02 7.640493150090556240e-02 1.575381514951880446e-01 2.347970793434682180e-01 2.713157415837686992e-01 4.443837114632326335e-01 6.280685182606693395e-01 8.034592193327178000e-01 9.443197568563358457e-01 1.000000000000000000e+00 8.750684050657964175e-01 9.120681962585063252e-01 9.156701313578201606e-01
3.327381314796408751e-01 8.445208747563602569e-02 6.134262669082000963e-02 6.543119202473340890e-02 5.573954044453514889e-02 8.320953848405476805e-02 2.176623315728703767e-01 4.339409389836635933e-01 7.127333920954829205e-01 7.165488761653872052e-01 6.841152731819364341e-01 6.309966412872111130e-01 8.370881541099269851e-01 7.275783450369157634e-01
1.000000000000000000e+00 4.106777568723257721e-01 1.146606986083024138e-01 5.431218449058920761e-02 6.299210730027833549e-02 1.530689197672078783e-01 2.993599457201532310e-01 4.927701909859441010e-01 7.169038265015993394e-01 5.885460665718802442e-01 4.456520455439175743e-01 5.952376914590929990e-01 7.495067962819368379e-01 5.303270311214620669e-01
1.000000000000000000e+00 3.906546245397788386e-01 1.126106659752384859e-01 8.356068815868755717e-02 1.882559549107039598e-01 3.221663018459464123e-01 4.880335909045373510e-01 6.702079809823243695e-01 8.575741755783532483e-01 5.665273732487980940e-01 7.019895350259284239e-01 8.387108951827686454e-01 9.689778407368803137e-01 5.849742426635895498e-01
8.858001252862025554e-01 6.320490628714404702e-01 2.851483934617790039e-01 4.608977207575596369e-01 6.378828834797583003e-01 7.968406153366447420e-01 9.520124393007010077e-01 1.000000000000000000e+00 1.000000000000000000e+00 1.000000000000000000e+00 1.000000000000000000e+00 1.000000000000000000e+00 1.000000000000000000e+00 9.890267597398632038e-01
1.000000000000000000e+00 8.967100303450294962e-01 1.000000000000000000e+00 1.000000000000000000e+00 1.000000000000000000e+00 1.000000000000000000e+00 1.000000000000000000e+00 1.000000000000000000e+00 1.000000000000000000e+00 1.000000000000000000e+00 1.000000000000000000e+00 1.000000000000000000e+00 1.000000000000000000e+00 8.708112528548994646e-01
