1.327721610398988838e+00 1.254037694907511602e+00 1.207172879171205970e+00 1.169209309972659705e+00 1.137529658145415512e+00 1.127736888283987993e+00 1.089274510637127991e+00 1.063984743370273600e+00 1.050594891219891247e+00 1.049027525405478167e+00 1.040629584661304063e+00 1.031314500477496177e+00 1.029640537274862933e+00 1.026214571135495079e+00
1.369357294673730241e+00 1.342310970137881698e+00 1.319384071566559680e+00 1.239988851470998021e+00 1.204752861133912001e+00 1.165405263577317774e+00 1.110898857088658653e+00 1.081778724445004336e+00 1.067528647431962296e+00 1.060850819061982087e+00 1.050122672225347831e+00 1.042655975384088718e+00 1.042879078776799417e+00 1.037761744583611367e+00
1.471169544352644465e+00 1.458619323833079573e+00 1.396971701425646195e+00 1.307307922335554595e+00 1.253778630775408853e+00 1.201945538121539370e+00 1.138205737649398808e+00 1.102807871196534117e+00 1.078362293426855745e+00 1.071513836954025134e+00 1.067885739743187345e+00 1.061795244680991512e+00 1.062771644338012855e+00 1.048977761681799681e+00
1.542663998803201375e+00 1.531479978174946410e+00 1.479249469630242286e+00 1.364015041086278579e+00 1.300170172253086509e+00 1.239262345059611414e+00 1.159147403014532562e+00 1.111579300396217329e+00 1.088221057282879212e+00 1.082457968242039215e+00 1.080999062066567706e+00 1.073564198947630777e+00 1.058395598885466971e+00 1.041469062917903310e+00
1.521126456002767746e+00 1.589905000307774374e+00 1.504802136053879469e+00 1.363085760431506754e+00 1.297100716800196896e+00 1.215901364398712658e+00 1.141045975856574746e+00 1.098126891422017914e+00 1.073097051901399812e+00 1.069689867361897528e+00 1.068391577936471437e+00 1.060780629062567204e+00 1.048334029292332437e+00 1.034856029443602443e+00
1.419997387669801325e+00 1.616459069219805533e+00 1.509017767037931890e+00 1.396769517498446689e+00 1.310075127092209968e+00 1.231692291209085521e+00 1.141809728183118766e+00 1.092741087785686682e+00 1.083307613168724259e+00 1.074074074074074181e+00 1.072897168681809621e+00 1.060185353737616465e+00 1.045436975085216380e+00 1.035925648078686256e+00
1.440879702194357348e+00 1.604573340769659850e+00 1.517894342138154995e+00 1.367363843445847937e+00 1.259198423127463773e+00 1.197478616453277578e+00 1.105479418650019419e+00 1.078362915577980141e+00 1.060925224466891192e+00 1.052930883639545234e+00 1.040629584661304063e+00 1.044708195288891917e+00 1.030502161155427698e+00 1.021437177476187230e+00
1.378232758620689502e+00 1.680981595092024605e+00 1.548328313910348530e+00 1.386267491051089928e+00 1.289179337963831884e+00 1.209697786008923304e+00 1.125498160637645739e+00 1.084524989381282722e+00 1.076273148148148007e+00 1.056555430571178622e+00 1.045815446378885349e+00 1.057974331102084387e+00 1.038502954332100048e+00 1.041617547243953723e+00
1.350105559465165195e+00 1.632953549517966785e+00 1.434744383546268987e+00 1.307052205848170612e+00 1.233500496124862567e+00 1.198176854713600248e+00 1.132488832442848370e+00 1.084524989381282722e+00 1.049140211640211540e+00 1.025228989233488708e+00 1.010502197540117830e+00 1.031915850040456606e+00 1.025930279340186102e+00 1.024541849748151323e+00
1.600528364849833185e+00 1.670136552543043829e+00 1.587475237278613616e+00 1.502535087074729825e+00 1.462294942986732238e+00 1.383998327218811220e+00 1.259673958189118093e+00 1.163240512804117888e+00 1.086484468339306897e+00 1.080348827364321362e+00 1.082004954494049098e+00 1.087395196816825393e+00 1.049291120615484463e+00 1.064201534254531456e+00
8.704627949183302293e-01 1.486341620923474327e+00 1.665058613536591015e+00 1.685409423330535894e+00 1.590566429213638555e+00 1.426170021399993715e+00 1.298057375197650742e+00 1.198685514579312494e+00 1.119590643274853692e+00 1.145738361652161919e+00 1.176917669800544575e+00 1.129017979470100741e+00 1.089455374036172763e+00 1.132388360247956749e+00
7.517633228840125970e-01 1.711544896820970552e+00 1.917340221648195620e+00 1.852557465313729335e+00 1.602616174889499367e+00 1.436974339743933182e+00 1.307891143191572292e+00 1.207766465447337678e+00 1.128072390572390393e+00 1.217847769028871596e+00 1.161633024738200071e+00 1.114355408308151496e+00 1.075306602944793966e+00 1.173566118802428004e+00
0.000000000000000000e+00 1.882699386503067673e+00 2.109074243813015226e+00 1.746697038724373430e+00 1.511038107752956661e+00 1.354861520329994073e+00 1.233154506437768250e+00 1.138751238850346903e+00 1.063611111111111063e+00 1.004724409448819022e+00 9.583472454090149473e-01 9.193432118542249620e-01 8.871279474294549994e-01 1.147486871717929624e+00
0.000000000000000000e+00 2.353374233128834536e+00 1.757561869844179503e+00 1.455580865603644636e+00 1.259198423127463773e+00 1.129051266941661691e+00 1.027628755364806912e+00 9.489593657086224932e-01 8.863425925925925153e-01 8.372703412073491114e-01 7.986227045075124931e-01 7.661193432118541535e-01 7.392732895245458513e-01 1.434358589647411808e+00
