4.640000000000000000e+02 8.150000000000000000e+02 1.091000000000000000e+03 1.317000000000000000e+03 1.522000000000000000e+03 1.697000000000000000e+03 1.864000000000000000e+03 2.018000000000000000e+03 2.160000000000000000e+03 2.286000000000000000e+03 2.396000000000000000e+03 2.497000000000000000e+03 2.587000000000000000e+03 2.666000000000000000e+03
4.640000000000000000e+02 8.150000000000000000e+02 1.091000000000000000e+03 1.317000000000000000e+03 1.522000000000000000e+03 1.697000000000000000e+03 1.864000000000000000e+03 2.018000000000000000e+03 2.160000000000000000e+03 2.286000000000000000e+03 2.396000000000000000e+03 2.497000000000000000e+03 2.587000000000000000e+03 2.666000000000000000e+03
4.640000000000000000e+02 8.150000000000000000e+02 1.091000000000000000e+03 1.317000000000000000e+03 1.522000000000000000e+03 1.697000000000000000e+03 1.864000000000000000e+03 2.018000000000000000e+03 2.160000000000000000e+03 2.286000000000000000e+03 2.396000000000000000e+03 2.497000000000000000e+03 2.587000000000000000e+03 2.666000000000000000e+03
4.640000000000000000e+02 8.150000000000000000e+02 1.091000000000000000e+03 1.317000000000000000e+03 1.522000000000000000e+03 1.697000000000000000e+03 1.864000000000000000e+03 2.018000000000000000e+03 2.160000000000000000e+03 2.286000000000000000e+03 2.396000000000000000e+03 2.497000000000000000e+03 2.587000000000000000e+03 2.666000000000000000e+03
4.640000000000000000e+02 8.150000000000000000e+02 1.091000000000000000e+03 1.317000000000000000e+03 1.522000000000000000e+03 1.697000000000000000e+03 1.864000000000000000e+03 2.018000000000000000e+03 2.160000000000000000e+03 2.286000000000000000e+03 2.396000000000000000e+03 2.497000000000000000e+03 2.587000000000000000e+03 2.666000000000000000e+03
4.640000000000000000e+02 8.150000000000000000e+02 1.091000000000000000e+03 1.317000000000000000e+03 1.522000000000000000e+03 1.697000000000000000e+03 1.864000000000000000e+03 2.018000000000000000e+03 2.160000000000000000e+03 2.286000000000000000e+03 2.396000000000000000e+03 2.497000000000000000e+03 2.587000000000000000e+03 2.666000000000000000e+03
4.640000000000000000e+02 8.150000000000000000e+02 1.091000000000000000e+03 1.317000000000000000e+03 1.522000000000000000e+03 1.697000000000000000e+03 1.864000000000000000e+03 2.018000000000000000e+03 2.160000000000000000e+03 2.286000000000000000e+03 2.396000000000000000e+03 2.497000000000000000e+03 2.587000000000000000e+03 2.666000000000000000e+03
4.640000000000000000e+02 8.150000000000000000e+02 1.091000000000000000e+03 1.317000000000000000e+03 1.522000000000000000e+03 1.697000000000000000e+03 1.864000000000000000e+03 2.018000000000000000e+03 2.160000000000000000e+03 2.286000000000000000e+03 2.396000000000000000e+03 2.497000000000000000e+03 2.587000000000000000e+03 2.666000000000000000e+03
4.640000000000000000e+02 8.150000000000000000e+02 1.091000000000000000e+03 1.317000000000000000e+03 1.522000000000000000e+03 1.697000000000000000e+03 1.864000000000000000e+03 2.018000000000000000e+03 2.160000000000000000e+03 2.286000000000000000e+03 2.396000000000000000e+03 2.497000000000000000e+03 2.587000000000000000e+03 2.666000000000000000e+03
4.640000000000000000e+02 8.150000000000000000e+02 1.091000000000000000e+03 1.317000000000000000e+03 1.522000000000000000e+03 1.697000000000000000e+03 1.864000000000000000e+03 2.018000000000000000e+03 2.160000000000000000e+03 2.286000000000000000e+03 2.396000000000000000e+03 2.497000000000000000e+03 2.587000000000000000e+03 2.666000000000000000e+03
4.640000000000000000e+02 8.150000000000000000e+02 1.091000000000000000e+03 1.317000000000000000e+03 1.522000000000000000e+03 1.697000000000000000e+03 1.864000000000000000e+03 2.018000000000000000e+03 2.160000000000000000e+03 2.286000000000000000e+03 2.396000000000000000e+03 2.497000000000000000e+03 2.587000000000000000e+03 2.666000000000000000e+03
4.640000000000000000e+02 8.150000000000000000e+02 1.091000000000000000e+03 1.317000000000000000e+03 1.522000000000000000e+03 1.697000000000000000e+03 1.864000000000000000e+03 2.018000000000000000e+03 2.160000000000000000e+03 2.286000000000000000e+03 2.396000000000000000e+03 2.497000000000000000e+03 2.587000000000000000e+03 2.666000000000000000e+03
4.640000000000000000e+02 8.150000000000000000e+02 1.091000000000000000e+03 1.317000000000000000e+03 1.522000000000000000e+03 1.697000000000000000e+03 1.864000000000000000e+03 2.018000000000000000e+03 2.160000000000000000e+03 2.286000000000000000e+03 2.396000000000000000e+03 2.497000000000000000e+03 2.587000000000000000e+03 2.666000000000000000e+03
4.640000000000000000e+02 8.150000000000000000e+02 1.091000000000000000e+03 1.317000000000000000e+03 1.522000000000000000e+03 1.697000000000000000e+03 1.864000000000000000e+03 2.018000000000000000e+03 2.160000000000000000e+03 2.286000000000000000e+03 2.396000000000000000e+03 2.497000000000000000e+03 2.587000000000000000e+03 2.666000000000000000e+03
